 Note: The transition dipole moments reported below only correspond to spatial part, the spin part is not taken into account!

 Ground state electric dipole moment in X,Y,Z:    0.059559   -0.234055    0.171661 a.u.

 Transition electric dipole moment between ground state (0) and excited states (a.u.)
     i     j         X             Y             Z        Diff.(eV)   Oscil.str
     0     1     3.8355947    -0.3668125    -0.1074335     2.46170     0.89609
     0     2    -1.6056609    -0.6930203    -0.0321345     3.78010     0.28334
     0     3     3.3592880    -0.1040080    -0.1171835     3.99070     1.10572
     0     4     0.0586708     1.7538020     0.4224950     4.19830     0.33508
     0     5    -0.1709418    -1.3833472    -0.2873031     4.23640     0.21022
     0     6     0.2133486     1.0974406     0.1557091     4.36650     0.13630
     0     7    -0.0887324    -0.8594086    -0.0658560     4.47250     0.08227
     0     8    -0.0961961    -0.0579315    -0.1271783     4.61870     0.00326
     0     9     0.1905955    -0.6345910     0.0989423     4.68000     0.05146
     0    10     0.2826037    -0.4246365     0.0984789     4.82270     0.03189
     0    11    -0.1663409    -0.3497880    -0.1424594     4.92660     0.02056
     0    12     0.0139175    -0.0016593    -0.0685772     5.01720     0.00060
     0    13    -0.1908865    -0.2819648     0.2649509     5.07060     0.02312
     0    14    -0.0700349    -0.2988397     0.0358346     5.29690     0.01239
     0    15    -1.0262974    -1.1468813    -0.2297576     5.32090     0.31565
     0    16     0.0293890     0.0066282    -0.0370277     5.40880     0.00030
     0    17    -0.1368806     0.2226728     0.1125968     5.42790     0.01077
     0    18    -0.4165780     1.1415112     0.2012361     5.47330     0.20343
     0    19     0.0626223    -0.1140652    -0.0726591     5.64100     0.00307
     0    20     0.4474426    -0.6458017     0.0092481     5.76390     0.08718
     0    21     0.5075892     0.9148503    -0.0435678     5.84330     0.15697
     0    22    -0.6051191    -0.7735613     0.0768475     6.04560     0.14374
     0    23     0.1945211    -1.7637285     0.1411150     6.05410     0.46996
     0    24    -0.1940122     0.0361621     0.0060162     6.07840     0.00581
     0    25    -0.1447525     0.0166330    -0.0274106     6.09390     0.00328
     0    26     0.0396655     0.2597302     0.0470748     6.18870     0.01080
     0    27    -0.2173369     1.9973036    -0.1666024     6.23170     0.62050
     0    28    -0.4564877    -0.5037583     0.0580206     6.25900     0.07138
     0    29     0.4359957     0.1954584     0.0223028     6.30540     0.03534
     0    30     0.1694616    -0.0892055    -0.0128310     6.31730     0.00570
     0    31     0.0062986    -0.5189348    -0.0143227     6.34670     0.04191
     0    32    -0.9340054    -0.0823960     0.0762459     6.44690     0.13978
     0    33    -2.1269665    -0.2834557     0.1088531     6.46010     0.73060
     0    34     0.1848425     0.1443776     0.0961328     6.51770     0.01026
     0    35     0.8166436    -0.4105031     0.0519598     6.56960     0.13490
     0    36    -1.5842926     0.4300997     0.0242757     6.62580     0.43757
     0    37    -0.0934688    -0.0157839     0.0073146     6.64490     0.00147
     0    38    -0.3645659     0.2432762    -0.0782014     6.65740     0.03233
     0    39    -0.0370012    -0.8107604     0.1027524     6.70940     0.11001
     0    40     0.2042062     0.1306655     0.0796040     6.76140     0.01079
 
 Note: In below output the case of i=j corresponds to contribution of electron to dipole moment of excited state i (contribution of nuclear charges is not taken into account!)
 Transition electric dipole moment between excited states (a.u.):
     i     j         X             Y             Z        Diff.(eV)   Oscil.str
     1     1    -1.0002376    -2.3955673    -0.2448325     0.00000     0.00000
     1     2     4.6163595    -0.9441791    -0.2595949     1.31840     0.71931
     1     3     4.2553836     1.0999557     0.1692195     1.52900     0.72473
     1     4     1.7965745    -0.2038933    -0.1222115     1.73660     0.13973
     1     5     0.3244902     0.1288205    -0.0509446     1.77470     0.00541
     1     6    -0.0076319     0.0844555     0.0039544     1.90480     0.00034
     1     7    -0.2006051    -0.0092310     0.0320972     2.01080     0.00204
     1     8    -0.6576547     0.3242799     0.0013573     2.15700     0.02841
     1     9    -1.1773374     0.8825237     0.1205757     2.21830     0.11845
     1    10    -1.6795354     0.9776036     0.2254875     2.36100     0.22139
     1    11    -0.4842273     0.3574860     0.0618895     2.46490     0.02211
     1    12     0.2371258    -0.0061278     0.0041560     2.55550     0.00352
     1    13     0.1480023    -0.2113775    -0.0711810     2.60890     0.00458
     1    14     0.1466287    -0.0713338    -0.0684538     2.83520     0.00217
     1    15     1.3651003    -0.1592151    -0.0488066     2.85920     0.13248
     1    16    -0.1236561     0.0427786    -0.0717936     2.94710     0.00161
     1    17     0.0433423    -0.0235143    -0.0159042     2.96620     0.00020
     1    18    -0.0658761    -0.0393860    -0.0083644     3.01160     0.00044
     1    19     0.1209461    -0.1820817    -0.1212750     3.17930     0.00487
     1    20     0.3025067    -0.2683097    -0.0791618     3.30220     0.01373
     1    21    -0.4979768    -0.0848947    -0.0356707     3.38160     0.02125
     1    22     0.1085542     0.0511461    -0.0359565     3.58390     0.00138
     1    23     0.1950559    -0.2370446    -0.0118170     3.59240     0.00831
     1    24     0.0003394     0.0028205     0.0009606     3.61670     0.00000
     1    25    -0.0922741    -0.2636312    -0.0616961     3.63220     0.00728
     1    26    -0.0554999    -0.0195880    -0.0118760     3.72700     0.00033
     1    27    -0.3602323    -0.0447256    -0.0218400     3.77000     0.01221
     1    28    -0.1948572    -0.2338088    -0.0213857     3.79730     0.00866
     1    29    -0.0309567    -0.2422949     0.0226309     3.84370     0.00567
     1    30     0.1400943     0.2416359     0.1032532     3.85560     0.00838
     1    31    -0.1699290    -0.2751711    -0.0997548     3.88500     0.01090
     1    32     0.1919774    -0.0141071    -0.0102365     3.98520     0.00363
     1    33    -0.0762635     0.0072992     0.0081550     3.99840     0.00058
     1    34     0.0000000     0.0000000     0.0000000     4.05600     0.00000
     1    35     0.0793280    -0.0650279    -0.0100572     4.10790     0.00107
     1    36     0.0502866    -0.1506649     0.0152657     4.16410     0.00260
     1    37    -0.0191498    -0.1261172     0.0830725     4.18320     0.00237
     1    38    -0.0088540     0.0335678    -0.0345707     4.19570     0.00025
     1    39     0.0882061     0.0115340    -0.0020041     4.24770     0.00082
     1    40    -0.0030669     0.0417147     0.0056905     4.29970     0.00019
     2     2    -3.4697686    -1.7119468     0.0031368     0.00000     0.00000
     2     3    -2.5813619    -0.4865155     0.0096404     0.21060     0.03560
     2     4    -1.3361687    -0.6481069    -0.1454591     0.41820     0.02281
     2     5     0.3666485     0.3704794     0.0294225     0.45630     0.00305
     2     6    -0.3331354    -0.2452152    -0.0175476     0.58640     0.00246
     2     7    -0.0574295     0.0587670     0.0218111     0.69240     0.00012
     2     8    -3.4639286     0.4296516     0.1356785     0.83860     0.25069
     2     9    -1.6631251     0.5424581     0.1600708     0.89990     0.06803
     2    10     1.3501812     0.7863780     0.1180182     1.04260     0.06272
     2    11     0.0149587     0.0695323     0.1023130     1.14650     0.00044
     2    12     0.2198324     0.0244781    -0.0164959     1.23710     0.00149
     2    13     0.5392069    -0.5284388    -0.1000335     1.29050     0.01834
     2    14    -0.9997305    -0.1528967     0.0429109     1.51680     0.03808
     2    15    -0.6616514     0.9154109     0.1471110     1.54080     0.04898
     2    16    -0.8368546     0.0894186    -0.0901369     1.62870     0.02859
     2    17    -0.4851710     0.2385902     0.0628302     1.64780     0.01196
     2    18    -0.7643776     0.3364339     0.1319844     1.69320     0.02966
     2    19    -1.6644858    -1.2553219    -0.1164652     1.86090     0.19877
     2    20    -2.0909067     0.8028617     0.2304593     1.98380     0.24639
     2    21    -0.3045181     0.1806345     0.0337424     2.06320     0.00639
     2    22    -0.2046520    -0.1685306    -0.0271776     2.26550     0.00394
     2    23    -0.2113470    -0.1758069    -0.0459649     2.27400     0.00433
     2    24     0.0030105     0.0250169     0.0085202     2.29830     0.00004
     2    25    -0.2040671    -0.1510032    -0.0148432     2.31380     0.00367
     2    26    -0.0380106     0.1421811     0.0085079     2.40860     0.00128
     2    27     0.0746722    -0.4837114    -0.0993141     2.45160     0.01498
     2    28     0.3213327    -0.1552598    -0.0860955     2.47890     0.00819
     2    29    -0.5685163     0.0109643    -0.0528254     2.52530     0.02018
     2    30     0.3425268    -0.0050421     0.0071955     2.53720     0.00730
     2    31    -0.0651986    -0.3242069     0.0086073     2.56660     0.00688
     2    32     0.0817135    -0.0256524    -0.0177805     2.66680     0.00050
     2    33    -0.0412982    -0.0515378     0.0101162     2.68000     0.00029
     2    34     0.0000000     0.0000000     0.0000000     2.73760     0.00000
     2    35    -1.4186687     0.4158546     0.0847607     2.78950     0.14986
     2    36     0.4172789    -0.2387459    -0.0481670     2.84570     0.01628
     2    37     0.0085307    -0.0273261     0.0226638     2.86480     0.00009
     2    38    -0.0119627     0.0371488    -0.0045178     2.87730     0.00011
     2    39     0.4501430    -0.1493362    -0.0958560     2.92930     0.01680
     2    40     0.0267974     0.0387553    -0.0134873     2.98130     0.00018
     3     3     1.6298626    -1.5634667    -0.1273440     0.00000     0.00000
     3     4     0.3869404    -0.2211729    -0.0433241     0.20760     0.00102
     3     5     0.3622835     0.1138275     0.0174691     0.24570     0.00087
     3     6    -0.2747395    -0.1002760    -0.0049694     0.37580     0.00079
     3     7    -0.3932722     0.0217560     0.0277296     0.48180     0.00184
     3     8    -1.1861025     0.5589830     0.1082116     0.62800     0.02663
     3     9    -1.4889858     0.4477134     0.0282770     0.68930     0.04084
     3    10    -0.7751840    -0.1266562     0.0276838     0.83200     0.01259
     3    11    -0.7877146     0.0694001     0.0515557     0.93590     0.01440
     3    12     0.1527517    -0.0162872    -0.0112942     1.02650     0.00060
     3    13     0.1618676    -0.0183199    -0.0561238     1.07990     0.00079
     3    14     0.1978949    -0.1341112     0.0314914     1.30620     0.00186
     3    15     3.0939921     0.3679801     0.0110900     1.33020     0.31639
     3    16     0.2168809    -0.1682099     0.0121212     1.41810     0.00262
     3    17     1.4874481     0.1083129    -0.0221140     1.43720     0.07833
     3    18     2.0747013    -0.0912205    -0.0469715     1.48260     0.15673
     3    19    -4.3026948    -0.1947563     0.0599535     1.65030     0.75020
     3    20     2.9616450     0.7092107     0.0508217     1.77320     0.40301
     3    21     0.0399611     0.3582940     0.0479144     1.85260     0.00600
     3    22     0.2240699     0.0449438     0.0172563     2.05490     0.00264
     3    23     0.1956814     0.1386555    -0.0355727     2.06340     0.00297
     3    24     0.0179288     0.0080754     0.0021308     2.08770     0.00002
     3    25    -0.1798339     0.0258644     0.0005715     2.10320     0.00170
     3    26    -0.2425057    -0.0153755    -0.0015179     2.19800     0.00318
     3    27     0.5979801    -0.0160392    -0.0414996     2.24100     0.01974
     3    28     0.0903996     0.1310390     0.0167536     2.26830     0.00142
     3    29    -0.2229596     0.1703211     0.1103967     2.31470     0.00516
     3    30     0.4931032     0.1157113     0.0968815     2.32660     0.01516
     3    31     0.5310598     0.4426978    -0.0453193     2.35600     0.02771
     3    32     0.0867122    -0.0114102    -0.0054790     2.45620     0.00046
     3    33    -0.1060928     0.0654158    -0.0034388     2.46940     0.00094
     3    34     0.0013927     0.0003754     0.0007052     2.52700     0.00000
     3    35    -1.0297827     0.3839609     0.0737128     2.57890     0.07666
     3    36     0.0155163     0.0542774    -0.0656176     2.63510     0.00048
     3    37    -0.0045035     0.0845022    -0.0771711     2.65420     0.00085
     3    38     0.0286225    -0.0416701     0.0380598     2.66670     0.00026
     3    39     0.2290152    -0.2317858    -0.0411480     2.71870     0.00718
     3    40     0.0251922    -0.0098372     0.0004219     2.77070     0.00005
     4     4    -1.8699076    -0.4749537     0.0917720     0.00000     0.00000
     4     5    -1.9634346    -0.2851360    -0.0416667     0.03810     0.00368
     4     6     1.5424830     0.7507450     0.1112553     0.16820     0.01218
     4     7     0.3513128     0.0886645     0.0152300     0.27420     0.00088
     4     8    -0.1798297     0.4589932     0.0445610     0.42040     0.00252
     4     9    -1.9662760    -0.0143066    -0.0182331     0.48170     0.04563
     4    10     0.6436701     0.1112395    -0.0169906     0.62440     0.00653
     4    11     1.5142634     0.5708633     0.0964964     0.72830     0.04689
     4    12     0.2089432    -0.1942809    -0.0368218     0.81890     0.00166
     4    13     0.7619155    -0.0620575     0.0127043     0.87230     0.01249
     4    14    -1.1961048    -0.3518350    -0.0175221     1.09860     0.04185
     4    15    -1.2720224    -0.0775908     0.0227266     1.12260     0.04468
     4    16     0.5930058    -0.1537610     0.0346942     1.21050     0.01117
     4    17     0.0241563    -0.1175599    -0.0201399     1.22960     0.00045
     4    18     0.3457937     0.1939026     0.0248272     1.27500     0.00493
     4    19    -0.9688258     0.0902488     0.0191385     1.44270     0.03348
     4    20    -0.4181821     0.5436999     0.1328768     1.56560     0.01872
     4    21    -0.7619491    -0.6257189    -0.0761004     1.64500     0.03941
     4    22     0.2511882     0.6697637     0.1400894     1.84730     0.02405
     4    23    -0.0190158     0.6459811     0.0839245     1.85580     0.01931
     4    24    -0.0052827    -0.0438985    -0.0149510     1.88010     0.00010
     4    25    -0.2900500    -0.1650029    -0.0526133     1.89560     0.00530
     4    26    -0.2417128    -0.1352744    -0.0616654     1.99040     0.00393
     4    27     1.5203999     0.4195561     0.0868364     2.03340     0.12430
     4    28     1.2792716    -0.4930395    -0.1108265     2.06070     0.09552
     4    29    -1.2774231     0.1143336     0.0345042     2.10710     0.08498
     4    30     0.0107400     0.1175640     0.0808816     2.11900     0.00106
     4    31     0.1801317    -0.2202916    -0.0206592     2.14840     0.00428
     4    32     0.3746121    -0.0566683    -0.0230613     2.24860     0.00794
     4    33    -0.2118513     0.0685448     0.0234130     2.26180     0.00278
     4    34     0.0000000     0.0000000     0.0000000     2.31940     0.00000
     4    35    -0.7828145     0.1379180     0.0445753     2.37130     0.03682
     4    36     0.2931931     0.0189565    -0.0084903     2.42750     0.00514
     4    37    -0.0529793    -0.0638309     0.0020449     2.44660     0.00041
     4    38    -0.1260463    -0.0598783    -0.0914467     2.45910     0.00168
     4    39     0.4075945     0.0024282     0.0136254     2.51110     0.01023
     4    40    -0.1438932     0.0317163     0.0732391     2.56310     0.00170
     5     5    -0.1234165    -0.8022971     0.0505175     0.00000     0.00000
     5     6     2.8648379    -0.0322087    -0.0405180     0.13010     0.02617
     5     7    -2.1373575     1.1884211     0.2079640     0.23610     0.03484
     5     8     0.6230251     0.1177653    -0.1095985     0.38230     0.00388
     5     9    -1.4024253    -0.1799365    -0.0377210     0.44360     0.02174
     5    10     0.0037994    -0.0047283     0.0001749     0.58630     0.00000
     5    11     1.7028058     0.2797930     0.0237764     0.69020     0.05036
     5    12     0.8035639    -0.1041346    -0.0157189     0.78080     0.01256
     5    13    -0.4849482     0.6566313     0.1040852     0.83420     0.01384
     5    14    -0.2282583    -0.5298273    -0.0471090     1.06050     0.00870
     5    15    -1.0849182    -0.0200830     0.0393363     1.08450     0.03133
     5    16    -0.4516043     0.2253675    -0.1185331     1.17240     0.00772
     5    17     0.0015563    -0.0019368     0.0000716     1.19150     0.00000
     5    18     0.8169375     0.3129886     0.0599930     1.23690     0.02330
     5    19     0.0889500     0.3115744     0.0197470     1.40460     0.00363
     5    20     0.1950956     0.2352079     0.0436276     1.52750     0.00357
     5    21    -0.8550603    -0.2573292    -0.0365461     1.60690     0.03144
     5    22     0.0032617    -0.9727058    -0.1938637     1.80920     0.04360
     5    23    -0.2027150    -0.0724571    -0.0269128     1.81770     0.00210
     5    24     0.0038291     0.0318190     0.0108369     1.84200     0.00005
     5    25    -0.4324262    -0.0939703    -0.0063678     1.85750     0.00891
     5    26     0.2062988     0.4776072     0.0448555     1.95230     0.01304
     5    27    -0.3648050    -0.2755211    -0.0613194     1.99530     0.01040
     5    28     0.3151635     0.3883330     0.0513432     2.02260     0.01253
     5    29    -0.0308339     0.3352710     0.0210226     2.06900     0.00577
     5    30    -0.0013330    -0.5339757    -0.0605582     2.08090     0.01472
     5    31     0.0381738    -0.0174814     0.0006454     2.11030     0.00009
     5    32     0.6823326    -0.1971844    -0.0662288     2.21050     0.02756
     5    33    -0.3989603     0.0545417     0.0254695     2.22370     0.00887
     5    34    -0.0047073    -0.0037589    -0.0040626     2.28130     0.00000
     5    35    -0.2020375    -0.1473407    -0.0280689     2.33320     0.00362
     5    36    -0.1215992     0.0423633     0.0315510     2.38940     0.00103
     5    37    -0.0637899    -0.1537261    -0.0319803     2.40850     0.00169
     5    38    -0.0047297    -0.2221051    -0.0004578     2.42100     0.00293
     5    39    -0.1569141    -0.3694542    -0.1041826     2.47300     0.01042
     5    40     0.0793566    -0.1161963    -0.0914390     2.52500     0.00174
     6     6    -1.0329560    -0.9813101     0.0100647     0.00000     0.00000
     6     7    -2.5914342     0.8242995     0.1643155     0.10600     0.01927
     6     8     0.0809371    -0.4795546    -0.0715814     0.25220     0.00149
     6     9     2.7134074     0.3056978    -0.0056046     0.31350     0.05727
     6    10     0.1618807    -0.1340205    -0.0216922     0.45620     0.00050
     6    11    -1.4713679    -0.6829051    -0.0783135     0.56010     0.03619
     6    12     1.5022930     0.1338458     0.0006080     0.65070     0.03626
     6    13    -1.6605011     0.3913128     0.0290882     0.70410     0.05022
     6    14     1.3837516     0.3834022     0.0547053     0.93040     0.04706
     6    15     0.0573499     0.4610133     0.0647202     0.95440     0.00514
     6    16    -0.6258905     0.0492835    -0.1005632     1.04230     0.01032
     6    17    -0.0011215    -0.0411806    -0.0088807     1.06140     0.00005
     6    18    -1.1280169    -0.3708024    -0.0238162     1.10680     0.03825
     6    19     0.1960907    -0.1025714     0.0594410     1.27450     0.00164
     6    20    -0.1125499    -0.3929020    -0.0812737     1.39740     0.00594
     6    21     0.9159661     0.6154174     0.0494993     1.47680     0.04415
     6    22    -0.2475153    -0.0659052    -0.0192730     1.67910     0.00271
     6    23     0.1421749     0.2323560     0.0807438     1.68760     0.00334
     6    24    -0.0035890    -0.0298239    -0.0101574     1.71190     0.00004
     6    25    -0.5301140    -0.3536003    -0.0001354     1.72740     0.01718
     6    26    -0.2215672    -0.0904884     0.0084932     1.82220     0.00256
     6    27     0.2299725     0.7978482     0.1242094     1.86520     0.03221
     6    28    -1.0732555    -0.2395067    -0.0175634     1.89250     0.05608
     6    29     0.9144957    -0.1641490    -0.0199015     1.93890     0.04102
     6    30    -0.0193608     0.0108532     0.0173314     1.95080     0.00004
     6    31     0.5665822     0.0581220    -0.0289342     1.98020     0.01578
     6    32     0.5952428    -0.3226097    -0.0247963     2.08040     0.02340
     6    33    -0.3681138     0.0619278     0.0305159     2.09360     0.00719
     6    34    -0.0011568    -0.0008009    -0.0009155     2.15120     0.00000
     6    35    -0.9145941    -0.0666781     0.0066165     2.20310     0.04539
     6    36     0.1102949    -0.0551398    -0.0051945     2.25930     0.00084
     6    37    -0.0532650    -0.1780475    -0.0317379     2.27840     0.00198
     6    38     0.0307805    -0.2950009    -0.0303548     2.29090     0.00499
     6    39     0.0105783    -0.2500484    -0.0167497     2.34290     0.00361
     6    40     0.0168053    -0.0231809     0.0383841     2.39490     0.00013
     7     7     3.2359233    -1.7259755    -0.1419587     0.00000     0.00000
     7     8    -1.1340839     0.2846519     0.0763235     0.14620     0.00492
     7     9    -0.2330304    -0.1023670    -0.0039182     0.20750     0.00033
     7    10     0.0015063    -0.0479712    -0.0072230     0.35020     0.00002
     7    11    -1.7354927     0.0685844     0.0514421     0.45410     0.03359
     7    12     1.8782292    -0.1817834    -0.0386316     0.54470     0.04754
     7    13     2.6047526    -0.8883816    -0.1613931     0.59810     0.11136
     7    14    -1.8385014     0.0858862     0.0582837     0.82440     0.06849
     7    15     0.9352879    -0.1124710    -0.0619937     0.84840     0.01853
     7    16     0.0673371     0.0035482     0.1929729     0.93630     0.00096
     7    17    -0.0092218    -0.1057876    -0.0205054     0.95540     0.00027
     7    18     0.3825921     0.1047563    -0.0004826     1.00080     0.00386
     7    19     0.3084061    -0.2137791     0.0189711     1.16850     0.00404
     7    20    -0.1704558    -0.0033177     0.0057186     1.29140     0.00092
     7    21     0.4001519     0.0054238    -0.0100143     1.37080     0.00538
     7    22     0.5421804     0.5601325     0.1249751     1.57310     0.02402
     7    23     0.2047652    -0.2739883    -0.0096592     1.58160     0.00454
     7    24     0.0018029     0.0149821     0.0051026     1.60590     0.00001
     7    25    -0.5199329    -0.3852510     0.0093985     1.62140     0.01664
     7    26     0.0645784     0.0455893     0.0715436     1.71620     0.00048
     7    27    -0.4056408    -0.5506269    -0.1224955     1.75920     0.02081
     7    28     0.1278595     0.0017465     0.0459381     1.78650     0.00081
     7    29    -0.0714010    -0.1915570     0.0497010     1.83290     0.00199
     7    30    -0.0020044     0.1947993    -0.0880682     1.84480     0.00207
     7    31    -0.1528410     0.0048867    -0.0014150     1.87420     0.00107
     7    32     0.7462338    -0.1678763    -0.0694091     1.97440     0.02853
     7    33    -0.3848284     0.0500903     0.0322959     1.98760     0.00738
     7    34     0.0451182    -0.0048353     0.0062792     2.04520     0.00011
     7    35    -0.6747626     0.2540531     0.0679360     2.09710     0.02695
     7    36    -0.1779916     0.0269375    -0.0271174     2.15330     0.00175
     7    37    -0.0943013    -0.1862720    -0.0373854     2.17240     0.00239
     7    38    -0.0751650    -0.1738716    -0.0550061     2.18490     0.00208
     7    39    -0.1423453     0.3091562     0.0502580     2.23690     0.00649
     7    40     0.0463424    -0.3585562    -0.0938948     2.28890     0.00782
     8     8     2.5646168    -1.4431622    -0.1168810     0.00000     0.00000
     8     9     1.5735881    -0.5189646    -0.1112629     0.06130     0.00414
     8    10     0.7793419     0.0700368    -0.0375567     0.20400     0.00307
     8    11     0.2791211    -0.3879412    -0.0153688     0.30790     0.00172
     8    12    -0.1424106     0.1700913     0.0209264     0.39850     0.00048
     8    13    -0.6541578     0.2461444     0.0606119     0.45190     0.00545
     8    14     1.9659507     0.2711286    -0.0394071     0.67820     0.06547
     8    15    -0.8399755     0.2612169     0.0631194     0.70220     0.01338
     8    16    -0.2502541     0.1266934    -0.0418081     0.79010     0.00156
     8    17     0.0805980    -0.0883880    -0.0201100     0.80920     0.00029
     8    18    -0.7184480     0.0984315     0.0394481     0.85460     0.01104
     8    19    -1.1566624    -0.8146916    -0.0777748     1.02230     0.05028
     8    20    -0.4907239    -0.3414272    -0.0455849     1.14520     0.01009
     8    21     0.1010577    -0.1224968    -0.0108067     1.22460     0.00076
     8    22     0.0102109    -0.3116881    -0.0577198     1.42690     0.00352
     8    23     0.4721061    -0.0327745    -0.0734446     1.43540     0.00807
     8    24    -0.0134541    -0.0145093    -0.0020063     1.45970     0.00001
     8    25     0.1492275    -0.4251225    -0.0881964     1.47520     0.00762
     8    26     0.0892791     0.1136737     0.0055058     1.57000     0.00080
     8    27     0.4295128     0.0113093     0.0214916     1.61300     0.00731
     8    28     1.7351245    -0.2444252    -0.0852870     1.64030     0.12368
     8    29    -0.3975243    -0.3726124    -0.0288723     1.68670     0.01230
     8    30    -0.8055063     0.8552597     0.1817244     1.69860     0.05882
     8    31     0.4617612     0.4468823     0.1189341     1.72800     0.01808
     8    32    -0.0065163     0.0404014     0.0044928     1.82820     0.00008
     8    33     0.1751390     0.3794005     0.0356979     1.84140     0.00794
     8    34     0.0014646     0.0050573     0.0038854     1.89900     0.00000
     8    35    -0.0582011     0.3297641     0.0825882     1.95090     0.00569
     8    36     0.6153983     0.2799845     0.0489798     2.00710     0.02260
     8    37     0.0373021    -0.0102464     0.0343249     2.02620     0.00013
     8    38     0.0228818    -0.0239198     0.0100518     2.03870     0.00006
     8    39    -0.4596976    -0.3690515    -0.0469311     2.09070     0.01791
     8    40     0.1032712     0.2109541     0.0398620     2.14270     0.00298
     9     9    -1.1036395    -0.9528298     0.0866207     0.00000     0.00000
     9    10    -1.0740075    -0.2458931     0.0505858     0.14270     0.00425
     9    11     0.3902132     0.0607063     0.0932639     0.24660     0.00099
     9    12    -0.0160206     0.0171948    -0.0238215     0.33720     0.00001
     9    13    -0.6612178     0.4720340     0.0741177     0.39060     0.00637
     9    14    -3.5435005    -0.6689731     0.0735652     0.61690     0.19662
     9    15     0.4922389    -0.3404252    -0.1192440     0.64090     0.00585
     9    16    -2.1354433     0.5938641    -0.1846845     0.72880     0.08833
     9    17    -0.0851373     0.0152784     0.0175463     0.74790     0.00014
     9    18     0.1059860     0.4008601     0.0691943     0.79330     0.00343
     9    19    -0.2952580     0.0198331    -0.0408308     0.96100     0.00210
     9    20     0.8184712     0.0723723    -0.0200627     1.08390     0.01794
     9    21    -1.2098959    -0.3424880    -0.0517907     1.16330     0.04514
     9    22    -0.2786809     0.1252398    -0.0085596     1.36560     0.00313
     9    23    -1.1546644    -0.2189748     0.0934570     1.37410     0.04679
     9    24    -0.0120891     0.0172657     0.0034737     1.39840     0.00002
     9    25     0.1157257    -0.2583895    -0.0789478     1.41390     0.00299
     9    26     0.2213805     0.0225488     0.0250535     1.50870     0.00185
     9    27     0.1862606     0.0734838    -0.0351674     1.55170     0.00157
     9    28    -1.4094037     0.0028456     0.0400468     1.57900     0.07691
     9    29     1.8328344    -0.1964955    -0.1064536     1.62540     0.13576
     9    30    -1.0636084     0.5407802     0.1233396     1.63730     0.05772
     9    31    -0.0737485     0.6976927     0.0893970     1.66670     0.02043
     9    32    -0.0894431    -0.0175837     0.0189944     1.76690     0.00038
     9    33     0.1458735     0.0527571     0.0645537     1.78010     0.00123
     9    34    -0.0040546    -0.0010929    -0.0020531     1.83770     0.00000
     9    35    -0.1410118     0.2488693     0.0417966     1.88960     0.00387
     9    36    -0.2178308     0.2579691     0.0591048     1.94580     0.00560
     9    37    -0.0357532    -0.0068662    -0.0566419     1.96490     0.00022
     9    38    -0.1347424     0.0763910    -0.0023126     1.97740     0.00116
     9    39    -0.4581478    -0.1564572    -0.0089373     2.02940     0.01166
     9    40    -0.1354649     0.0995459    -0.0107202     2.08140     0.00145
    10    10    -0.7834774    -0.0999078     0.0618348     0.00000     0.00000
    10    11    -0.0435937    -0.2365855    -0.0325590     0.10390     0.00015
    10    12    -0.0085233     0.0001905     0.0021913     0.19450     0.00000
    10    13    -0.6902600     0.4285069     0.0511852     0.24790     0.00402
    10    14     1.0076511     0.0335905    -0.0268808     0.47420     0.01182
    10    15     1.2907099    -0.4885578    -0.1005944     0.49820     0.02337
    10    16     0.0000000     0.0000000     0.0000000     0.58610     0.00000
    10    17    -0.3188833    -0.2953450    -0.0248281     0.60520     0.00281
    10    18     0.2107099    -0.0084982     0.0329310     0.65060     0.00073
    10    19    -1.2775008     0.5172583     0.0937840     0.81830     0.03826
    10    20    -0.8279271    -0.4404047    -0.0067911     0.94120     0.02028
    10    21    -0.9196197     0.0115677     0.0840248     1.02060     0.02133
    10    22    -0.5546966    -0.0125913     0.0031806     1.22290     0.00922
    10    23     0.6871694    -0.1376308    -0.0323549     1.23140     0.01485
    10    24    -0.0630828    -0.0181716    -0.0005434     1.25570     0.00013
    10    25    -0.0138442     0.0069067     0.0019230     1.27120     0.00001
    10    26     0.0950172     0.1472105     0.0008686     1.36600     0.00103
    10    27    -1.1805736     0.1109805     0.0382920     1.40900     0.04859
    10    28    -0.7827994     0.3117821     0.0217379     1.43630     0.02500
    10    29    -0.0706847    -0.1107991    -0.0423419     1.48270     0.00069
    10    30    -0.9609766     0.1031646    -0.0336692     1.49460     0.03425
    10    31    -4.1481040     0.2767276     0.2156556     1.52400     0.64705
    10    32    -0.0226128     0.0643663    -0.0122369     1.62420     0.00019
    10    33    -0.5116577     0.1399084     0.0058058     1.63740     0.01129
    10    34     0.0000000     0.0000000     0.0000000     1.69500     0.00000
    10    35     1.1549945    -0.1476323    -0.0562669     1.74690     0.05816
    10    36    -0.7586174     0.2799918     0.0531663     1.80310     0.02901
    10    37    -0.0111734     0.0937778     0.0124370     1.82220     0.00041
    10    38     0.0673718     0.0018478    -0.0027181     1.83470     0.00020
    10    39     0.1330634    -0.0559132    -0.0097007     1.88670     0.00097
    10    40    -0.0426590     0.0160316    -0.0068158     1.93870     0.00010
    11    11    -3.7065021    -0.9298790     0.0854239     0.00000     0.00000
    11    12     0.7140044     0.2229719     0.0026780     0.09060     0.00124
    11    13    -0.6102044    -0.0195511    -0.0015257     0.14400     0.00131
    11    14    -2.5008446     0.0699989     0.1463508     0.37030     0.05698
    11    15     1.5433345     0.4001061     0.0360472     0.39430     0.02457
    11    16    -1.2698673     0.1224888    -0.0818322     0.48220     0.01931
    11    17    -0.1754851    -0.6012448    -0.0987938     0.50130     0.00494
    11    18     0.4398945    -0.0403630    -0.0581159     0.54670     0.00266
    11    19     0.0056671    -0.0246615     0.0216617     0.71440     0.00002
    11    20    -1.5833525    -0.6161945    -0.0460751     0.83730     0.05926
    11    21     0.9720349     0.3692134     0.1037335     0.91670     0.02452
    11    22     0.6872117    -0.2407491    -0.0675199     1.11900     0.01466
    11    23    -0.7011905     0.0081629     0.0674722     1.12750     0.01371
    11    24    -0.0482261    -0.0281128    -0.0033713     1.15180     0.00009
    11    25     0.0492157    -0.0426186     0.0102343     1.16730     0.00012
    11    26     0.0977260    -0.1535209     0.0117432     1.26210     0.00103
    11    27     1.4142261     0.1384104    -0.0302259     1.30510     0.06459
    11    28     1.3714242    -0.0783905    -0.0137523     1.33240     0.06160
    11    29    -1.4038909    -0.0359158     0.0738488     1.37880     0.06681
    11    30    -0.6775333     0.0786807     0.0186920     1.39070     0.01586
    11    31    -1.8585886    -0.0880983     0.0546605     1.42010     0.12056
    11    32    -0.1131784    -0.0199488     0.0186520     1.52030     0.00050
    11    33    -0.3110070     0.0193239     0.0048346     1.53350     0.00365
    11    34     0.0000000     0.0000000     0.0000000     1.59110     0.00000
    11    35    -1.1011801     0.0917849     0.0319431     1.64300     0.04919
    11    36    -0.3841382     0.1887219     0.0034025     1.69920     0.00763
    11    37     0.0163507     0.0650437     0.0171519     1.71830     0.00020
    11    38    -0.0885655     0.0250029    -0.0274523     1.73080     0.00039
    11    39    -0.4415248    -0.0074850     0.0156130     1.78280     0.00853
    11    40     0.3745969    -0.0070012    -0.0437218     1.83480     0.00640
    12    12     0.3834239    -0.2572018     0.1004331     0.00000     0.00000
    12    13     0.3909488    -0.1101728    -0.0062626     0.05340     0.00022
    12    14     0.7631028     0.1353564    -0.0180509     0.27970     0.00412
    12    15    -0.4076149    -0.1221799     0.0041738     0.30370     0.00135
    12    16     0.4806679    -0.0507658     0.0562539     0.39160     0.00227
    12    17    -0.0034913     0.0000780     0.0008976     0.41070     0.00000
    12    18    -0.1862975    -0.0239778     0.0126081     0.45610     0.00040
    12    19    -0.2954918     0.0743765     0.0103683     0.62380     0.00142
    12    20     0.1047133     0.1103352     0.0165131     0.74670     0.00043
    12    21    -0.4545855    -0.1825729    -0.0133594     0.82610     0.00486
    12    22     0.0380803     0.0591741     0.0115110     1.02840     0.00013
    12    23    -0.3232817    -0.0898493    -0.0090840     1.03690     0.00286
    12    24     0.0000000     0.0000000     0.0000000     1.06120     0.00000
    12    25     0.5879890    -0.1733103    -0.0190403     1.07670     0.00992
    12    26    -0.2705730     0.0360515    -0.0088038     1.17150     0.00214
    12    27     0.0082654     0.0055138     0.0015237     1.21450     0.00000
    12    28    -0.0464274     0.0311409     0.0006215     1.24180     0.00010
    12    29    -0.0818876     0.0770898     0.0040110     1.28820     0.00040
    12    30     0.1579968    -0.1586954    -0.0271410     1.30010     0.00162
    12    31    -0.0311595     0.0015554     0.0026268     1.32950     0.00003
    12    32     0.3939307     0.2375495     0.0375098     1.42970     0.00746
    12    33    -0.0816585     0.1241023     0.0189462     1.44290     0.00079
    12    34     0.0000000     0.0000000     0.0000000     1.50050     0.00000
    12    35    -0.0346223     0.0073979     0.0028097     1.55240     0.00005
    12    36    -0.0083194    -0.0024351     0.0007387     1.60860     0.00000
    12    37     0.2123803     0.2367948     0.0394773     1.62770     0.00410
    12    38     0.2245719     0.3068921     0.0278810     1.64020     0.00584
    12    39    -0.1237649    -0.0550285    -0.0060549     1.69220     0.00076
    12    40    -0.0546068     0.4232797     0.1079270     1.74420     0.00828
    13    13    -1.5312137    -0.5376975     0.1114077     0.00000     0.00000
    13    14    -0.3147223     0.2422283     0.0350855     0.22630     0.00088
    13    15     0.2937441     0.0820072    -0.0265058     0.25030     0.00057
    13    16     0.3305938    -0.1440257     0.0998761     0.33820     0.00116
    13    17     0.0185729     0.5533405     0.0984439     0.35730     0.00277
    13    18     0.7508194    -0.2008552    -0.0591989     0.40270     0.00599
    13    19     0.2253977     0.0172656     0.0203870     0.57040     0.00072
    13    20     0.5832116     0.1411224     0.0130649     0.69330     0.00612
    13    21     1.0068456    -0.0370519     0.0230090     0.77270     0.01923
    13    22    -2.1989342     0.8096254     0.2329158     0.97500     0.13246
    13    23    -0.2775051    -0.1809679     0.0025029     0.98350     0.00264
    13    24     0.0239106    -0.0541840    -0.0119293     1.00780     0.00009
    13    25     0.4425921     0.0838507     0.0009119     1.02330     0.00509
    13    26    -0.1289758    -0.1266441     0.0038552     1.11810     0.00090
    13    27     1.9762936    -0.4098702    -0.1012568     1.16110     0.11617
    13    28     0.1451257    -0.0262470     0.0232309     1.18840     0.00065
    13    29    -0.4308428     0.0659327     0.0551339     1.23480     0.00584
    13    30     0.6894623     0.0871377    -0.0447162     1.24670     0.01481
    13    31     0.6639161    -0.2530330    -0.0508687     1.27610     0.01586
    13    32     0.0146599    -0.0522160    -0.0003295     1.37630     0.00010
    13    33     0.2841849    -0.0301965    -0.0217193     1.38950     0.00280
    13    34     0.0023418     0.0008734     0.0013491     1.44710     0.00000
    13    35     2.7085869    -0.2182934    -0.0627305     1.49900     0.27132
    13    36     0.0067376    -0.2319716     0.0262152     1.55520     0.00208
    13    37     0.0207898     0.1541059     0.0873335     1.57430     0.00123
    13    38    -0.1094695    -0.0137664    -0.0174493     1.58680     0.00049
    13    39     1.2835088    -0.0128278     0.0005665     1.63880     0.06615
    13    40    -0.3178831    -0.0579019    -0.0204574     1.69080     0.00434
    14    14    -5.9622443    -1.5594335     0.0645422     0.00000     0.00000
    14    15     1.0022678    -0.0126855    -0.0537149     0.02400     0.00059
    14    16    -1.3686224     0.0829713    -0.0688446     0.11190     0.00517
    14    17     0.1122489     0.0537552     0.0100082     0.13100     0.00005
    14    18     1.0246693     0.4597022     0.0250544     0.17640     0.00545
    14    19    -1.0606239    -0.0732253     0.0029347     0.34410     0.00953
    14    20    -0.1080078     0.0468946    -0.0160341     0.46700     0.00016
    14    21     1.3210894     0.2273636    -0.0477919     0.54640     0.02409
    14    22    -0.1628619    -0.1589557    -0.0388691     0.74870     0.00098
    14    23     3.3043551     0.8930418     0.0427643     0.75720     0.21738
    14    24     0.0031182     0.0088571     0.0017569     0.78150     0.00000
    14    25     0.1431275     0.0579364     0.0034446     0.79700     0.00047
    14    26     0.0980447     0.0028367    -0.0316181     0.89180     0.00023
    14    27    -1.6982343    -0.2671851    -0.0073670     0.93480     0.06769
    14    28     0.3047843     0.0237845    -0.0240936     0.96210     0.00222
    14    29     0.6805239    -0.0537288    -0.0181389     1.00850     0.01152
    14    30    -0.2905695    -0.3111415    -0.0543707     1.02040     0.00460
    14    31     1.0937745    -0.1020232    -0.0241053     1.04980     0.03105
    14    32    -0.2582974     0.0738306     0.0001002     1.15000     0.00203
    14    33     0.2702272     0.0055058    -0.0164377     1.16320     0.00209
    14    34     0.0000000     0.0000000     0.0000000     1.22080     0.00000
    14    35    -0.6545489    -0.0231317     0.0117547     1.27270     0.01338
    14    36     0.1112304    -0.0043910     0.0029821     1.32890     0.00040
    14    37     0.0740311    -0.0740167    -0.0490571     1.34800     0.00044
    14    38    -0.0449862     0.1681734    -0.0304621     1.36050     0.00104
    14    39    -0.5730718     0.1800014     0.0281176     1.41250     0.01251
    14    40     0.2686093    -0.0256819    -0.0433164     1.46450     0.00268
    15    15    -1.8123210    -0.8037786     0.0992124     0.00000     0.00000
    15    16     0.8736557    -0.1468661     0.0218386     0.08790     0.00169
    15    17     0.7324136     1.1267790     0.2134497     0.10700     0.00485
    15    18     0.5057630    -0.1171695    -0.0355302     0.15240     0.00101
    15    19    -0.1762418     0.4737722     0.0217100     0.32010     0.00201
    15    20    -1.3556534    -0.1765607     0.0310006     0.44300     0.02029
    15    21    -0.7429972    -0.6441035    -0.0818689     0.52240     0.01246
    15    22    -0.6115794    -0.1133537    -0.0428615     0.72470     0.00690
    15    23    -0.7472734    -0.3261880    -0.0820886     0.73320     0.01206
    15    24     0.3429054    -0.0792645    -0.0166391     0.75750     0.00230
    15    25    -0.0035327     0.0778268     0.0079597     0.77300     0.00012
    15    26     0.1019358     0.2217215     0.0173620     0.86780     0.00127
    15    27     1.6273035    -0.6435898    -0.1708392     0.91080     0.06898
    15    28     1.6850712     0.1458938     0.0420144     0.93810     0.06579
    15    29    -1.1159892     0.1490638     0.0762640     0.98450     0.03072
    15    30    -0.3347841    -0.1478311     0.0476145     0.99640     0.00332
    15    31    -0.8889255    -0.1590855     0.0112654     1.02580     0.02050
    15    32     0.0370743     0.0113698    -0.0157245     1.12600     0.00005
    15    33    -0.8224336     0.0821207     0.0305140     1.13920     0.01909
    15    34    -0.0416913     0.0084572    -0.0025959     1.19680     0.00005
    15    35    -3.4540603     0.1235773     0.1276864     1.24870     0.36595
    15    36     0.2353014     0.0902267     0.0104374     1.30490     0.00203
    15    37     0.1722083     0.0216844     0.0084536     1.32400     0.00098
    15    38     0.1441134    -0.0345251     0.0039480     1.33650     0.00072
    15    39     1.6953975    -0.0761017    -0.0378243     1.38850     0.09803
    15    40     0.2523986    -0.0088632    -0.0450386     1.44050     0.00232
    16    16    15.6348397    -4.7645536     1.5900476     0.00000     0.00000
    16    17     0.0005279     0.0043869     0.0014941     0.01910     0.00000
    16    18     0.2137400    -0.1247935    -0.0033320     0.06450     0.00010
    16    19    -1.0954762     0.3940869    -0.1355314     0.23220     0.00781
    16    20    -0.0962048     0.0482768     0.0116324     0.35510     0.00010
    16    21     0.5176136     0.0614703     0.0441867     0.43450     0.00291
    16    22    -0.0250932    -0.0031826     0.0032155     0.63680     0.00001
    16    23     0.3003089    -0.0170235     0.0103601     0.64530     0.00143
    16    24     0.0000000     0.0000000     0.0000000     0.66960     0.00000
    16    25    -0.0885437     0.0187123    -0.0029733     0.68510     0.00014
    16    26     0.0466578    -0.0520451    -0.0447487     0.77990     0.00013
    16    27     0.0226064     0.0106213     0.0024174     0.82290     0.00001
    16    28    -0.0779453     0.0208597    -0.0150674     0.85020     0.00014
    16    29    -0.2124624     0.0468171    -0.0327572     0.89660     0.00106
    16    30     0.2331529    -0.1423870     0.0234027     0.90850     0.00167
    16    31    -0.1222043    -0.2493391    -0.0471470     0.93790     0.00182
    16    32    -0.1356741     0.0207548    -0.0291576     1.03810     0.00050
    16    33    -0.0012207    -0.1392700    -0.0004168     1.05130     0.00050
    16    34     0.0473133     0.0402822     0.0425200     1.10890     0.00015
    16    35     0.1537970     0.1036419     0.0207659     1.16080     0.00099
    16    36    -0.1263466    -0.1107565    -0.0167982     1.21700     0.00085
    16    37     0.0002434     0.0004031    -0.0005878     1.23610     0.00000
    16    38    -0.0358688     0.0212762    -0.0060365     1.24860     0.00005
    16    39    -0.0165746     0.0330127    -0.0024644     1.30060     0.00004
    16    40     0.2130069     0.2227512     0.0206021     1.35260     0.00316
    17    17    -1.1340318    -5.2947206    -0.9315424     0.00000     0.00000
    17    18     0.0342251     0.4377939     0.0935629     0.04540     0.00022
    17    19    -0.1737198     0.0571922    -0.0047373     0.21310     0.00017
    17    20     0.3271178     0.0147089    -0.0023613     0.33600     0.00088
    17    21     0.1455075     0.0929058     0.0300750     0.41540     0.00031
    17    22    -0.1119634     0.1136377     0.0259205     0.61770     0.00040
    17    23    -0.0292628     0.0638161     0.0117114     0.62620     0.00008
    17    24    -0.7761437     0.4214774     0.0825299     0.65050     0.01254
    17    25    -0.0056708     0.0028291     0.0007877     0.66600     0.00000
    17    26     0.0591851     0.0469183     0.0040771     0.76080     0.00011
    17    27     0.3445567     0.1579863     0.0200747     0.80380     0.00284
    17    28     0.1227583    -0.1751738    -0.0266697     0.83110     0.00095
    17    29    -0.1842776    -0.0780884    -0.0148791     0.87750     0.00087
    17    30    -0.1312638    -0.1283559    -0.0146977     0.88940     0.00074
    17    31     0.2312250     0.2133145     0.0282067     0.91880     0.00225
    17    32     0.0049667    -0.0001110    -0.0012769     1.01900     0.00000
    17    33    -0.1917883     0.0253431     0.0089392     1.03220     0.00095
    17    34     0.0022800     0.0036185     0.0008947     1.08980     0.00000
    17    35    -0.6522228    -0.0867160    -0.0054597     1.14170     0.01211
    17    36    -0.0845726     0.0870110     0.0169514     1.19790     0.00044
    17    37    -0.2069289     0.0264517     0.0112590     1.21700     0.00130
    17    38     0.0565334    -0.0225788    -0.0101813     1.22950     0.00011
    17    39     0.4054738    -0.1197202    -0.0261681     1.28150     0.00563
    17    40    -0.0755130    -0.0365482    -0.0108596     1.33350     0.00023
    18    18    -2.2751845    -0.8848288     0.1032269     0.00000     0.00000
    18    19    -1.7788462    -0.0423564     0.0820609     0.16770     0.01304
    18    20    -0.5322677    -0.0887634    -0.0316141     0.29060     0.00208
    18    21     0.0559913    -0.0193369     0.0648887     0.37000     0.00007
    18    22    -0.3260795    -0.1387468    -0.0417986     0.57230     0.00179
    18    23    -0.7644190    -0.3234309    -0.0191000     0.58080     0.00981
    18    24    -0.2081037    -0.0368458     0.0013213     0.60510     0.00066
    18    25     0.2213483     0.2349286     0.0363967     0.62060     0.00160
    18    26     0.5021121    -0.0214838     0.0095296     0.71540     0.00443
    18    27    -0.3141082    -0.0977933     0.0121084     0.75840     0.00201
    18    28     1.0494193     0.3579934     0.0130893     0.78570     0.02367
    18    29     0.5474738     0.2661146     0.0006813     0.83210     0.00755
    18    30    -0.8352058    -0.4228304    -0.0713168     0.84400     0.01823
    18    31     0.5343869    -0.0045692    -0.0060848     0.87340     0.00611
    18    32     0.0480738    -0.0051750    -0.0022372     0.97360     0.00006
    18    33     0.0099352    -0.0610473     0.0021870     0.98680     0.00009
    18    34     0.0076598     0.0029720    -0.0016141     1.04440     0.00000
    18    35     0.0094598    -0.1712384    -0.0333589     1.09630     0.00082
    18    36     0.7984550    -0.1762530    -0.0090131     1.15250     0.01888
    18    37     0.1144624    -0.0342637     0.0208675     1.17160     0.00042
    18    38    -0.0626447    -0.0981530    -0.0097713     1.18410     0.00040
    18    39     0.8797900     0.0112972    -0.0100994     1.23610     0.02345
    18    40    -0.6537533    -0.0337311    -0.0202791     1.28810     0.01354
    19    19    -5.3117668    -1.5911055     0.1253275     0.00000     0.00000
    19    20     0.8562030     0.3500477     0.0546941     0.12290     0.00259
    19    21    -0.2557777     0.1200409     0.0031527     0.20230     0.00040
    19    22    -0.1653690     0.1310994     0.0421846     0.40460     0.00046
    19    23     0.0623614     0.1756892     0.0301523     0.41310     0.00036
    19    24     0.0673922     0.0074655    -0.0008269     0.43740     0.00005
    19    25     0.4591077     0.2312852     0.0343875     0.45290     0.00295
    19    26    -0.2152138    -0.1863027     0.0017413     0.54770     0.00109
    19    27     0.0001233     0.1056493     0.0151957     0.59070     0.00016
    19    28    -0.6015066    -0.0549248     0.0243875     0.61800     0.00553
    19    29     1.9543358     0.3310690     0.0338524     0.66440     0.06397
    19    30    -2.2933316    -0.4081171    -0.0242601     0.67630     0.08991
    19    31     0.2194155     0.1080661     0.0518843     0.70570     0.00108
    19    32    -0.0513632     0.0083333    -0.0046945     0.80590     0.00005
    19    33     0.7830735     0.0204776     0.0005097     0.81910     0.01231
    19    34    -0.0025939    -0.0006992    -0.0013135     0.87670     0.00000
    19    35     2.3805328     0.1805676    -0.0119326     0.92860     0.12967
    19    36    -0.0755853     0.0582819     0.0133260     0.98480     0.00022
    19    37    -0.1044610     0.0944076     0.0066634     1.00390     0.00049
    19    38    -0.2473430    -0.0265333    -0.0029772     1.01640     0.00154
    19    39    -1.0360044     0.0151611     0.0196145     1.06840     0.02811
    19    40     0.0780851    -0.2315145    -0.0370005     1.12040     0.00168
    20    20    -0.9699701    -0.6248763    -0.0071841     0.00000     0.00000
    20    21     0.0135515     0.1289052     0.0472436     0.07940     0.00004
    20    22     0.4419495    -0.3205131    -0.0409530     0.28170     0.00207
    20    23     0.3576086     0.1905490    -0.0177962     0.29020     0.00117
    20    24    -0.0168261    -0.0016884     0.0008001     0.31450     0.00000
    20    25     0.0239884     0.0212113    -0.0013440     0.33000     0.00001
    20    26    -0.3108015     0.0606925     0.0181858     0.42480     0.00105
    20    27     0.5219986     0.0340691    -0.0456172     0.46780     0.00316
    20    28    -0.5111055     0.1772703     0.0127424     0.49510     0.00355
    20    29     0.5823267    -0.0698055     0.0169249     0.54150     0.00457
    20    30    -0.2462421     0.0534841     0.0465390     0.55340     0.00089
    20    31     0.1295279     0.1762204    -0.0081138     0.58280     0.00068
    20    32     0.2356679    -0.0164945    -0.0004909     0.68300     0.00093
    20    33    -0.4498561     0.0706492     0.0010847     0.69620     0.00354
    20    34     0.0114090    -0.0016055     0.0012721     0.75380     0.00000
    20    35    -3.3798684     0.1550368     0.1202501     0.80570     0.22625
    20    36    -0.6054480     0.2034173     0.0401287     0.86190     0.00865
    20    37    -0.2925789    -0.0265972     0.0004917     0.88100     0.00186
    20    38    -0.2026060    -0.0322060     0.0134106     0.89350     0.00093
    20    39     1.3712951    -0.0349301    -0.0436844     0.94550     0.04363
    20    40    -0.1175792    -0.0377864    -0.0073676     0.99750     0.00037
    21    21    -0.9502813    -0.6849888     0.0446671     0.00000     0.00000
    21    22     0.0430305     0.0000474     0.0013680     0.20230     0.00001
    21    23    -1.9579309    -0.2995661    -0.0184132     0.21080     0.02026
    21    24     0.0217377     0.0012181    -0.0003739     0.23510     0.00000
    21    25    -0.0560040     0.0001928     0.0024845     0.25060     0.00002
    21    26    -0.3322167     0.0991191     0.0136702     0.34540     0.00102
    21    27     0.5539528    -0.1516735     0.0041556     0.38840     0.00314
    21    28     0.6342067     0.1100475     0.0017440     0.41570     0.00422
    21    29    -0.7526561     0.2095338     0.0199886     0.46210     0.00691
    21    30     0.0787796     0.1129352    -0.0022929     0.47400     0.00022
    21    31    -0.6189082     0.0275289     0.0705578     0.50340     0.00479
    21    32    -0.1742840    -0.0325087    -0.0025525     0.60360     0.00046
    21    33    -0.0203503     0.0202974     0.0360764     0.61680     0.00003
    21    34    -0.0073181    -0.0028394     0.0015421     0.67440     0.00000
    21    35     0.2345575     0.1527821     0.0034832     0.72630     0.00139
    21    36    -0.2255543     0.1297917     0.0373938     0.78250     0.00133
    21    37    -0.2108043     0.0594396     0.0374049     0.80160     0.00097
    21    38     0.0115512     0.0318744    -0.0066444     0.81410     0.00002
    21    39    -0.5155716     0.1191123     0.0092494     0.86610     0.00594
    21    40     0.2450772    -0.0512244     0.0027403     0.91810     0.00141
    22    22    -0.0746683    -0.3474213     0.1170211     0.00000     0.00000
    22    23    -0.1244149     0.4055156     0.0666760     0.00850     0.00004
    22    24     0.2012039     0.0149884    -0.0060050     0.03280     0.00003
    22    25     0.0253615    -0.0144794    -0.0030361     0.04830     0.00000
    22    26    -0.1309982    -0.1738797    -0.0445463     0.14310     0.00017
    22    27     1.1019216     0.6936101     0.1016266     0.18610     0.00778
    22    28    -0.0064204    -0.1271880    -0.0221733     0.21340     0.00009
    22    29    -0.3231463     0.0509144     0.0331036     0.25980     0.00069
    22    30    -0.0116032     0.0438544     0.0259547     0.27170     0.00002
    22    31    -0.0230699    -0.0510143     0.0254823     0.30110     0.00003
    22    32     0.1099923    -0.0148230    -0.0067736     0.40130     0.00012
    22    33     0.3418017    -0.0029514    -0.0051631     0.41450     0.00119
    22    34     0.0170729    -0.0086881     0.0016509     0.47210     0.00000
    22    35     2.1258003    -0.4757457    -0.0731613     0.52400     0.06099
    22    36     0.4489073     0.1533245     0.0446958     0.58020     0.00323
    22    37    -0.0214325     0.0930439     0.0537632     0.59930     0.00018
    22    38    -0.0347724     0.0174260    -0.0026041     0.61180     0.00002
    22    39     2.4742170    -0.4818233    -0.1034783     0.66380     0.10351
    22    40    -0.8831353     0.1237222     0.0494591     0.71580     0.01399
    23    23     0.0963165    -0.6409410     0.1184676     0.00000     0.00000
    23    24     0.1850210     0.0137398    -0.0054925     0.02430     0.00002
    23    25    -0.0154119     0.0433028     0.0096007     0.03980     0.00000
    23    26    -0.3106329    -0.1920939     0.0189509     0.13460     0.00044
    23    27    -0.2244882     0.5799563     0.0637508     0.17760     0.00170
    23    28    -0.5077465    -0.0427783    -0.0646062     0.20490     0.00132
    23    29     0.3001683    -0.2645654    -0.0489952     0.25130     0.00100
    23    30     0.2660186     0.0014801    -0.0416668     0.26320     0.00047
    23    31     0.9415604     0.3174330    -0.0230822     0.29260     0.00708
    23    32     0.0660543     0.0011111    -0.0161475     0.39280     0.00004
    23    33     0.3148266     0.0530406     0.0010180     0.40600     0.00101
    23    34     0.0000000     0.0000000     0.0000000     0.46360     0.00000
    23    35    -0.7583016     0.1107809     0.0138941     0.51550     0.00742
    23    36     0.1838165    -0.0559804    -0.0101357     0.57170     0.00052
    23    37     0.0729529    -0.1051813    -0.0513676     0.59080     0.00028
    23    38    -0.0553283    -0.0483790    -0.0092333     0.60330     0.00008
    23    39    -1.0103784     0.0372765     0.0463680     0.65530     0.01645
    23    40     0.1656003    -0.0976069    -0.0411028     0.70730     0.00067
    24    24    -0.1598234    -3.2449124    -0.5359496     0.00000     0.00000
    24    25     0.0000000     0.0000000     0.0000000     0.01550     0.00000
    24    26    -0.1058084    -0.0049075     0.0038412     0.11030     0.00003
    24    27     0.2547796     0.0211173    -0.0093226     0.15330     0.00025
    24    28    -0.1884167     0.0543230     0.0169341     0.18060     0.00017
    24    29    -0.0240875    -0.0535083    -0.0084452     0.22700     0.00002
    24    30     0.0000000     0.0000000     0.0000000     0.23890     0.00000
    24    31    -0.0206235    -0.0222411    -0.0030755     0.26830     0.00001
    24    32     0.0000000     0.0000000     0.0000000     0.36850     0.00000
    24    33     0.0000000     0.0000000     0.0000000     0.38170     0.00000
    24    34     0.0000000     0.0000000     0.0000000     0.43930     0.00000
    24    35     0.0407610    -0.0591666    -0.0135334     0.49120     0.00006
    24    36    -0.0196008    -0.0353047    -0.0065378     0.54740     0.00002
    24    37     0.0000000     0.0000000     0.0000000     0.56650     0.00000
    24    38     0.0000000     0.0000000     0.0000000     0.57900     0.00000
    24    39    -0.0249087    -0.0475535    -0.0088485     0.63100     0.00005
    24    40     0.0048844     0.0472376     0.0093550     0.68300     0.00004
    25    25    -1.9510005    -1.1583033     0.0161255     0.00000     0.00000
    25    26     0.3190871     0.2210818     0.0137091     0.09480     0.00035
    25    27    -0.0606389    -0.0149017    -0.0010247     0.13780     0.00001
    25    28     0.0069818     0.0045989     0.0114193     0.16510     0.00000
    25    29    -0.0868179    -0.0653770     0.0136974     0.21150     0.00006
    25    30    -0.0557291     0.1406879    -0.0222359     0.22340     0.00013
    25    31    -0.0063837    -0.0022612    -0.0046273     0.25280     0.00000
    25    32     2.5126763    -0.4713633    -0.1392914     0.35300     0.05669
    25    33    -1.3422853     0.1676569     0.0592518     0.36620     0.01645
    25    34     0.0000000     0.0000000     0.0000000     0.42380     0.00000
    25    35     0.0020760    -0.0107807    -0.0049277     0.47570     0.00000
    25    36    -0.0035650    -0.0012628    -0.0025841     0.53190     0.00000
    25    37    -0.6769982    -0.4044512    -0.0530674     0.55100     0.00843
    25    38    -1.2038387    -0.6520167    -0.1152318     0.56350     0.02606
    25    39    -0.4980778    -0.2344537    -0.0419968     0.61550     0.00460
    25    40    -0.8361213    -0.5073776    -0.0902249     0.66750     0.01578
    26    26     0.1372227    -0.2757964     0.1608478     0.00000     0.00000
    26    27    -0.2349592    -0.1573757    -0.0576307     0.04300     0.00009
    26    28     0.5973542     0.1853951    -0.0252713     0.07030     0.00067
    26    29    -0.0223871    -0.0525415     0.0184628     0.11670     0.00001
    26    30    -0.3331366     0.0354286    -0.0483540     0.12860     0.00036
    26    31    -0.2054383     0.0286876    -0.0021601     0.15800     0.00017
    26    32    -0.7378068    -0.0404018     0.0130751     0.25820     0.00345
    26    33    -0.1202993    -0.0508123     0.0014213     0.27140     0.00011
    26    34    -0.0191789    -0.0006075    -0.0033202     0.32900     0.00000
    26    35    -0.0202365     0.0427149    -0.0099625     0.38090     0.00002
    26    36    -0.2426571     0.0327424    -0.0019688     0.43710     0.00064
    26    37    -0.1059311    -0.1078053     0.0097445     0.45620     0.00026
    26    38    -0.2393562     0.0350434     0.0269118     0.46870     0.00068
    26    39     0.2907101    -0.1696390     0.0094792     0.52070     0.00145
    26    40     0.0329446    -0.1076743     0.0104711     0.57270     0.00018
    27    27     1.1016268     0.1932845     0.2114277     0.00000     0.00000
    27    28    -0.4428131    -0.2405532    -0.0005620     0.02730     0.00017
    27    29    -0.5084091     0.2162573    -0.0251081     0.07370     0.00055
    27    30     0.0948527     0.2108541     0.0154379     0.08560     0.00011
    27    31    -0.0482585     0.0334279     0.0193669     0.11500     0.00001
    27    32    -0.1147567    -0.0232640     0.0081411     0.21520     0.00007
    27    33    -0.3628588    -0.0065015     0.0404608     0.22840     0.00075
    27    34    -0.0087318     0.0028294    -0.0011113     0.28600     0.00000
    27    35     1.1460867     0.1250830    -0.0344805     0.33790     0.01101
    27    36    -0.2080505    -0.0444021     0.0275177     0.39410     0.00044
    27    37    -0.0759574    -0.0087737     0.0138798     0.41320     0.00006
    27    38     0.0325912    -0.0445356    -0.0191101     0.42570     0.00004
    27    39    -1.0708589     0.3225579     0.0909183     0.47770     0.01474
    27    40     0.4094875    -0.0874240    -0.0005583     0.52970     0.00228
    28    28     2.5184635     0.4866246     0.1034604     0.00000     0.00000
    28    29    -1.5463563     1.3325713     0.0357413     0.04640     0.00474
    28    30     0.4187122     1.0469902    -0.0263244     0.05830     0.00182
    28    31    -1.7087508    -0.3926023     0.0400523     0.08770     0.00661
    28    32    -0.0867703     0.0201221     0.0073080     0.18790     0.00004
    28    33    -0.2363381    -0.0391685     0.0287524     0.20110     0.00029
    28    34     0.0000000     0.0000000     0.0000000     0.25870     0.00000
    28    35     1.7207231    -0.1195665    -0.0698925     0.31060     0.02268
    28    36    -0.8187971     0.0191183     0.0498244     0.36680     0.00605
    28    37    -0.4897540    -0.0804794     0.0976058     0.38590     0.00242
    28    38    -0.1010066     0.1209309    -0.0230445     0.39840     0.00025
    28    39    -0.0843709    -0.1110963     0.0139348     0.45040     0.00022
    28    40     0.0182330     0.0130937    -0.0000995     0.50240     0.00001
    29    29     2.4135721     1.5076837     0.0822826     0.00000     0.00000
    29    30     1.6238440     2.0458219    -0.0286544     0.01190     0.00199
    29    31     0.1064980    -0.6913439     0.0207319     0.04130     0.00050
    29    32     0.0686907     0.0341092    -0.0360316     0.14150     0.00002
    29    33     0.1665154     0.0289842    -0.0334633     0.15470     0.00011
    29    34     0.0000000     0.0000000     0.0000000     0.21230     0.00000
    29    35    -1.4260964     0.0194060     0.0500299     0.26420     0.01318
    29    36    -0.3944232     0.0201465     0.0229647     0.32040     0.00123
    29    37    -0.5987081    -0.2102505     0.1324487     0.33950     0.00350
    29    38     0.1116095     0.1553437    -0.0356172     0.35200     0.00033
    29    39    -0.0803266    -0.0424140    -0.0226330     0.40400     0.00009
    29    40     0.1216448     0.0082836     0.0045491     0.45600     0.00017
    30    30     1.2137062     0.8394485    -0.0861525     0.00000     0.00000
    30    31    -0.2015609    -0.7475012     0.0401756     0.02940     0.00043
    30    32     0.1527500    -0.0773188     0.0190440     0.12960     0.00009
    30    33     0.0554165    -0.0528275    -0.0024473     0.14280     0.00002
    30    34     0.0051573     0.0020011    -0.0010868     0.20040     0.00000
    30    35     0.2523301    -0.0736896    -0.0093425     0.25230     0.00043
    30    36    -0.2582802    -0.1250449     0.0688267     0.30850     0.00066
    30    37    -0.6985769    -0.2059399     0.1426360     0.32760     0.00442
    30    38     0.1250365     0.0591592    -0.0214497     0.34010     0.00016
    30    39    -0.2868230     0.1348555     0.0299983     0.39210     0.00097
    30    40    -0.1217328    -0.0096345    -0.0111515     0.44410     0.00016
    31    31     0.6210061    -0.2798363     0.0464910     0.00000     0.00000
    31    32     0.2692915     0.0618324    -0.0310678     0.10020     0.00019
    31    33     0.6433054    -0.1006272    -0.0457404     0.11340     0.00118
    31    34     0.0033394     0.0072606    -0.0043390     0.17100     0.00000
    31    35    -0.1753754    -0.3330238    -0.0329907     0.22290     0.00078
    31    36     0.3111373    -0.1009469    -0.0159827     0.27910     0.00073
    31    37    -0.1109889     0.1044640    -0.0460949     0.29820     0.00019
    31    38     0.0065512     0.0005332     0.0183068     0.31070     0.00000
    31    39    -1.0159142     0.0809384     0.0245421     0.36270     0.00923
    31    40     0.1978466     0.0756727    -0.0244430     0.41470     0.00046
    32    32     2.0759329    -1.3681802    -0.1332302     0.00000     0.00000
    32    33    -0.9796171     0.8023495     0.1238367     0.01320     0.00052
    32    34     0.0000000     0.0000000     0.0000000     0.07080     0.00000
    32    35     0.0159782    -0.0624135     0.0061607     0.12270     0.00001
    32    36    -0.2293705    -0.0425529     0.0125646     0.17890     0.00024
    32    37     0.2502289     0.0245981     0.0297067     0.19800     0.00031
    32    38     0.2236731    -0.1928887     0.0036539     0.21050     0.00045
    32    39    -0.1508112    -0.0595016    -0.0334462     0.26250     0.00018
    32    40     0.1758713     0.1534277     0.0399854     0.31450     0.00043
    33    33     1.7950287    -0.7052265     0.0231470     0.00000     0.00000
    33    34     0.0078240     0.0030357    -0.0016487     0.05760     0.00000
    33    35     0.1547779    -0.1824672    -0.0080627     0.10950     0.00015
    33    36     0.0817987    -0.1746747     0.0136138     0.16570     0.00015
    33    37    -0.1390701    -0.0404919    -0.0020703     0.18480     0.00010
    33    38    -0.1962359    -0.0346871    -0.0014571     0.19730     0.00019
    33    39    -0.4986614     0.0891206     0.0363092     0.24930     0.00158
    33    40     0.0798701     0.0239738    -0.0198915     0.30130     0.00005
    34    34    -0.1290992    -1.4356606    -0.1754433     0.00000     0.00000
    34    35    -0.0233340    -0.0196327    -0.0022520     0.05190     0.00000
    34    36     0.0079533     0.0051420    -0.0008111     0.10810     0.00000
    34    37    -0.0068895     0.0173300    -0.0041014     0.12720     0.00000
    34    38     0.0031128    -0.0062216     0.0025263     0.13970     0.00000
    34    39    -0.0105739    -0.0222576    -0.0040762     0.19170     0.00000
    34    40    -0.0151526    -0.0068824     0.0019239     0.24370     0.00000
    35    35    -3.3624638    -0.0037097     0.2899146     0.00000     0.00000
    35    36     0.5555655    -0.0353631    -0.0616839     0.05620     0.00043
    35    37     0.0173269    -0.0200902    -0.0062818     0.07530     0.00000
    35    38     0.0653381     0.0816248    -0.0139155     0.08780     0.00002
    35    39    -0.1300231    -0.0728617     0.0630766     0.13980     0.00009
    35    40     0.9385384     0.0065149    -0.0184124     0.19180     0.00414
    36    36    -0.5363427    -0.5311569     0.0069805     0.00000     0.00000
    36    37    -0.5434375    -0.8939776    -0.1332879     0.01910     0.00052
    36    38     0.0702810     0.2794943     0.0676172     0.03160     0.00007
    36    39    -0.9714986     0.0852766     0.0115173     0.08360     0.00195
    36    40     0.5121200     0.0531109    -0.0401093     0.13560     0.00089
    37    37    -2.4167220    -2.3829277    -0.3086691     0.00000     0.00000
    37    38     0.2658507     0.6324072     0.1794688     0.01250     0.00015
    37    39     0.1814884     0.1059649    -0.0089626     0.06450     0.00007
    37    40    -0.3744114    -0.0182906     0.0412535     0.11650     0.00041
    38    38    -1.9790705    -0.4685403     0.1506218     0.00000     0.00000
    38    39     0.0835813    -0.1110020    -0.0630995     0.05200     0.00003
    38    40    -1.1084862    -0.5809349    -0.0084018     0.10400     0.00399
    39    39     1.4274405    -0.2903036     0.1061302     0.00000     0.00000
    39    40     0.3108057     0.3043792     0.0934229     0.05200     0.00025
    40    40    -0.6465085     0.1974265     0.3136493     0.00000     0.00000
